# Specificity Determinants mapped on alignment sequence_kin_align
# <Mapped Pos> <Original Determinant Pos>
108	63
111	66
127	67
111	78
128	81
171	136
173	138
209	190
219	199
239	211
262	237
421	348
421	349
423	351
485	458
486	460
496	470
541	501
546	502
547	503
548	504
549	505
546	506
647	508
647	605
648	606
649	607
653	610
657	614
677	623
682	628
684	632
684	634
685	635
685	642
713	649
715	651
1044	998
1056	1012
1057	1013
1058	1014
1028	1061
1053	1061
1058	1062
1104	1066
1105	1069
1106	1069
1108	1072
1109	1073
1110	1074
1112	1076
1113	1077
1114	1078
1122	1086
1132	1097
1146	1117
1149	1120
1152	1122
1157	1127
1176	1137
1179	1154
1184	1159
1238	1213
1377	1326
1378	1327
1379	1328
1406	1362
1413	1372
1428	1387
1430	1389
